130894
442979
533612
888916
276664
270913
751085
117066
642559
575836
479431
639184
970749
900435
792612
947993
458037
637409
823151
224633
945242
385272
461992
278563
428114
592867
654095
902547
697647
601515
959114
802360
513658
853781
402826
275277
165941
786190
660006
710760
293424
634578
317639
657890
924079
482453
410691
310346
287487
931722
754000
188763
996113
687098
676424
379354
277507
297681
341960
234315
894660
600388
673217
498487
537227
323809
101723
713244
269089
128883
600298
277503
659688
444055
800261
993225
316661
613048
819455
937974
670790
735524
244125
584758
690284
508900
726076
914718
755123
565323
510945
370397
330644
639424
857611
842365
323351
336640
160679
249807
933579
309867
666614
210809
126814
639409
639437
312382
673513
252259
680540
661958
637674
580493
738391
717327
129954
422759
861328
669132
543683
202789
748667
551872
475836
136585
693831
222520
220389
230086
208174
891702
501337
143012
201319
933801
269816
887226
639676
425394
492102
286579
373383
592074
992905
425898
889081
475563
595133
843291
215200
375581
564753
400700
253644
192632
100626
323388
463736
118315
240157
735445
774986
453331
914490
774903
286967
970100
663422
183401
370553
896483
247222
231281
927074
911664
331667
146265
455045
400880
853667
804225
257942
763889
307048
176546
370454
917221
205501
289346
458783
818909
679691
382342
469040
126120
967018
740999
813330
706720
616999
843348
299978
987212
661144
233268
696767
344889
535123
625667
666548
489901
574164
680653
511043
942219
517081
188017
204207
230935
984869
354195
946373
672436
700320
791429
222191
792535
585709
496187
652009
385850
544257
661708
581253
287183
317240
550285
907127
739032
784470
425324
908811
160516
954273
936787
686836
108563
417705
707640
916991
466251
194258
180428
530915
237445
470254
427939
352623
547795
581405
384738
472340
322357
545216
412597
133836
850846
422182
773583
791577
328876
835353
567473
962706
233700
860955
407723
655480
777844
301642
778376
268235
259510
817367
130156
984102
179623
162237
766111
605680
809191
418233
690503
497070
948283
427329
185994
406707
653919
242550
963871
845391
930742
643078
304690
738599
734030
740435
350625
281154
724688
930318
359690
276464
511324
819501
600883
843217
731016
159380
833126
510390
631766
406357
891859
269977
725883
875483
377576
743256
854015
271512
409049
638369
847911
763492
586348
491722
486458
733539
119723
905869
120826
749407
240151
932178
467212
831567
851739
421638
126101
767963
858815
870744
476478
579787
224961
998886
669283
935527
514212
721148
366309
657337
504683
405316
392008
908351
512682
689484
870946
680555
559647
229723
253348
632816
724571
429066
352510
252924
975942
359773
285407
419156
259496
569553
261149
642363
488039
655420
484504
242508
526335
995560
279965
526627
988699
932353
848208
536542
366953
684140
300935
634028
635948
318592
168341
312073
208305
338083
520845
524045
100345
309859
541714
892065
873463
175215
570769
606121
294631
165889
279316
472525
712531
820293
898076
271733
701297
216324
882648
490651
455539
780399
997345
891396
708398
542070
156492
961580
142155
945557
450055
401667
698502
724210
968382
343755
173543
280839
619183
829704
702720
870843
123336
284567
651803
603671
326139
291765
211855
371491
771844
452875
965644
539262
890274
860847
591045
922398
888910
769573
889191
266765
595802
803600
810272
373414
207653
395564
322089
252064
524323
996464
498054
738566
857576
459718
741930
538999
272181
297137
238044
510418
507255
177569
540965
181380
136045
275109
659061
724844
812282
337650
194989
425261
365801
933767
130519
198544
645093
763420
859082
490670
182172
653478
884646
912136
515276
605160
289994
184959
215224
753567
172007
487397
489962
920625
735587
603295
425054
268177
139000
891506
728297
842754
814673
935782
577890
549944
809212
137402
530021
494548
560784
437623
585369
212516
778569
353581
217518
996152
794149
745412
337983
311622
224149
823489
168913
510072
747431
492069
739980
471105
635786
621962
819831
226548
603633
165618
651817
355413
112810
621358
677828
704584
173878
546134
811807
267320
997827
934380
614161
674164
828711
486758
926763
420784
687152
679801
298949
641664
990968
844573
347282
436940
780234
528287
764334
759175
394646
542812
491215
946819
437486
618993
215566
711044
261300
141612
787843
912402
275088
255252
413185
511227
690939
505638
505104
227376
185388
793168
710349
152007
460930
576977
961511
555572
537461
998551
790046
714606
299719
505401
871680
399824
445989
178717
773607
875422
124489
212920
950955
424106
131210
283533
995845
532984
122461
149843
567459
208371
185414
866902
904832
553120
356501
743081
535945
140619
602647
956256
787432
391100
626180
261597
770575
518228
866705
436194
338968
910100
410853
305920
337332
197246
155400
705296
943058
285443
313176
691464
474795
665380
790869
581704
537456
830914
814856
840882
562650
742272
298238
589948
264614
884392
205048
841089
862599
789956
149448
471956
713219
357651
421337
561580
960190
577570
153680
505934
955413
253361
995071
166866
148109
413812
639751
115413
924907
885691
512979
281054
641013
167130
401742
927388
262060
105486
591252
362698
731577
977515
391865
228387
444453
586333
789635
439351
132661
687159
870590
300992
150918
600428
778403
805907
158217
244513
343582
325628
370646
179352
706758
477922
615000
243078
570597
175302
307959
249610
496918
717413
762693
837071
932083
250960
330146
451351
319212
734077
885408
755215
840629
214913
577133
725766
488988
246798
423378
772644
443653
746972
254715
664386
241220
259989
259605
292822
217435
139071
282182
238879
732645
449121
290803
791594
849848
733788
853575
340149
469345
311803
671706
769989
205115
182226
344816
695956
690643
246320
608472
100846
891288
333458
560254
283501
784660
338034
129022
881559
470864
320429
121221
836580
601979
346564
685117
946397
782386
560627
